image: /home/ubuntu/catkin_ws/src/guide01_test/map/nav.pgm
resolution: 0.050000
origin: [-43.5000000, -49.5000000, 0.000000]
negate: 0
occupied_thresh: 0.65
free_thresh: 0.196

